38799
7111
7190
7105
38799
38494
11872
11867
11871
11865
11870
5513
5512
5513
5512
3110
3110
3110
436730
136175
1664
44131
660098
68218
4443
4445
21439
267307
2771
1527
1522
1539
1691272
50608
222662
555443
1691271
2365
449049
503895
14349
1074293
3689
3685
3691
3709
161270
14648
66241
66303
9328
9318
52008
37793
15454
15402
5992
3938
3891
5544
586
577
636
582
613
615
605
102885
188028
561195
9972
9
10
125644
54694
17675
279930
637898
5166
1273
162627
505170
208402
4053
2326
2587
14158
44121
36243
31219
16309
432013
39854
177760
669
183723
2923
5143
580
195306
2292
1424
943110
6103
2163
1210930
7378
419813
6105
2353
691284
102773
590774
418184
31223
3884
13165
18420
37133
371731
12281
3878
2327
93162
223153
1403
228285
2136295
2840
193544
357423
371127
265143
30703
1361947
208021
6463
372284
181455
971441
92297
6571
2985445
12188
50932
31143
379250
2159413
217607
197861
2925
567447
371638
31220
199228
570379
1262
5360